0.247000 2.760710e-05
0.247500 2.555248e-05
0.248000 2.676924e-05
0.248500 2.756248e-05
0.249000 2.394297e-05
0.249500 2.755721e-05
0.250000 2.511893e-05
0.250500 2.380977e-05
0.251000 2.527532e-05
0.251500 2.446978e-05
0.252000 2.666513e-05
0.252500 2.609896e-05
0.253000 2.850013e-05
0.253500 3.329755e-05
0.254000 2.815833e-05
0.254500 2.560344e-05
0.255000 3.932022e-05
0.255500 2.494777e-05
0.256000 2.530160e-05
0.256500 2.101688e-05
0.257000 2.962709e-05
0.257500 2.818343e-05
0.258000 3.047870e-05
0.258500 2.779317e-05
0.259000 2.703064e-05
0.259500 2.529141e-05
0.260000 3.008516e-05
0.260500 3.436735e-05
0.261000 3.780132e-05
