0.256000 2.530161e-05
0.256010 2.746801e-05
0.256020 3.598860e-05
0.256030 3.509555e-05
0.256040 2.748445e-05
0.256050 3.003368e-05
0.256060 3.058936e-05
0.256070 2.685928e-05
0.256080 2.433038e-05
0.256090 2.878482e-05
0.256100 2.696050e-05
0.256110 2.748201e-05
0.256120 3.010977e-05
0.256130 2.605196e-05
0.256140 2.697262e-05
0.256150 2.478147e-05
0.256160 2.752357e-05
0.256170 2.836512e-05
0.256180 2.581710e-05
0.256190 2.683336e-05
0.256200 2.793599e-05
0.256210 2.743319e-05
0.256220 2.882606e-05
0.256230 2.600551e-05
0.256240 3.068034e-05
0.256250 2.891073e-05
0.256260 3.273899e-05
0.256270 2.701132e-05
0.256280 2.742928e-05
0.256290 2.493079e-05
0.256300 2.899599e-05
0.256310 2.706216e-05
0.256320 3.230052e-05
0.256330 2.855342e-05
0.256340 3.072920e-05
0.256350 2.710772e-05
0.256360 2.317744e-05
0.256370 2.834130e-05
0.256380 2.689907e-05
0.256390 2.473262e-05
0.256400 2.891798e-05
0.256410 2.523152e-05
0.256420 2.289689e-05
0.256430 2.510241e-05
0.256440 2.349863e-05
0.256450 2.677284e-05
0.256460 2.418563e-05
0.256470 2.356031e-05
0.256480 2.295205e-05
0.256490 2.252032e-05
0.256500 2.101688e-05
0.256510 2.164993e-05
0.256520 2.820346e-05
0.256530 2.495855e-05
0.256540 2.878695e-05
0.256550 2.393014e-05
0.256560 2.562033e-05
0.256570 2.914141e-05
0.256580 2.611480e-05
0.256590 2.804804e-05
0.256600 2.763561e-05
0.256610 2.704684e-05
0.256620 2.745436e-05
0.256630 3.038638e-05
0.256640 2.712904e-05
0.256650 2.828232e-05
0.256660 2.898302e-05
0.256670 2.581462e-05
0.256680 2.610084e-05
0.256690 2.668806e-05
0.256700 2.573095e-05
0.256710 2.367569e-05
0.256720 2.938903e-05
0.256730 3.246290e-05
0.256740 3.163737e-05
0.256750 2.731271e-05
0.256760 2.638440e-05
0.256770 2.918251e-05
0.256780 2.760869e-05
0.256790 2.715072e-05
0.256800 2.769643e-05
0.256810 2.990515e-05
0.256820 2.870877e-05
0.256830 3.032341e-05
0.256840 3.558678e-05
0.256850 2.658970e-05
0.256860 3.076738e-05
0.256870 3.420975e-05
0.256880 2.858111e-05
0.256890 3.042319e-05
0.256900 3.277019e-05
0.256910 3.170620e-05
0.256920 3.423102e-05
0.256930 2.965310e-05
0.256940 3.583990e-05
0.256950 3.262720e-05
0.256960 2.763162e-05
0.256970 3.195382e-05
0.256980 2.988035e-05
0.256990 2.725305e-05
0.257000 2.962709e-05
