0.010000    6.115e-01
0.015000    4.910e-01
0.020000    3.683e-01
0.025000    3.507e-01
0.030000    2.573e-01
0.035000    2.011e-01
0.040000    1.499e-01
0.045000    1.174e-01
0.050000    8.780e-02
0.055000    6.461e-02
0.060000    4.783e-02
0.065000    3.571e-02
0.070000    2.647e-02
0.075000    1.966e-02
0.080000    1.471e-02
0.085000    1.134e-02
0.090000    8.530e-03
0.095000    6.427e-03
0.100000    4.906e-03
0.105000    3.713e-03
0.110000    2.858e-03
0.115000    2.218e-03
0.120000    1.733e-03
0.125000    1.364e-03
0.130000    1.093e-03
0.135000    8.594e-04
0.140000    6.847e-04
0.145000    5.487e-04
0.150000    4.411e-04
0.155000    3.604e-04
0.160000    3.038e-04
0.165000 2.989669e-04
0.170000 2.546527e-04
0.175000 2.085457e-04
0.180000 1.580674e-04
0.185000 1.254919e-04
0.190000 1.010903e-04
0.195000 8.802146e-05
0.200000 7.520045e-05
0.205000 7.727576e-05
0.210000 6.185648e-05
0.215000 5.009880e-05
0.220000 4.089222e-05
0.225000 3.640255e-05
0.230000 3.829949e-05
0.235000 3.779967e-05
0.240000 3.309656e-05
0.245000 2.865910e-05
0.250000 2.511893e-05
0.255000 3.932022e-05
0.260000 3.008516e-05
0.265000 8.100538e-05
0.270000 5.310937e-05
0.275000 4.921958e-05
0.280000 1.082267e-04
0.285000 3.678126e-04
0.290000 1.117925e-04
0.295000 1.906742e-04
0.300000 2.189718e-04
0.305000 3.238983e-04
0.310000 3.410866e-04
0.315000 3.347430e-04
0.320000 4.316682e-04
0.325000 7.819031e-04
0.330000 8.368031e-04
0.335000 9.841885e-04
0.340000 9.626658e-04
0.345000 1.134346e-03
0.350000 1.278085e-03
0.355000 1.419891e-03
0.360000 1.646087e-03
0.365000 2.038097e-03
0.370000 2.210316e-03
0.375000 2.411277e-03
0.380000 2.963759e-03
0.385000 3.192275e-03
0.390000 3.523056e-03
0.395000 4.007688e-03
0.400000 4.307260e-03
0.405000 4.720558e-03
