0.100000 7.213740e-02
0.105000 5.673651e-02
0.110000 6.118814e-02
0.115000 5.307099e-02
0.120000 4.653582e-02
0.125000 4.125372e-02
0.130000 3.281213e-02
0.135000 2.541321e-02
0.140000 1.999944e-02
0.145000 1.572596e-02
0.150000 1.219756e-02
0.155000 9.481628e-03
0.160000 7.349542e-03
0.165000 5.498131e-03
0.170000 4.209952e-03
0.175000 2.984841e-03
0.180000 2.259424e-03
0.185000 1.717060e-03
0.190000 1.381120e-03
0.195000 1.044273e-03
0.200000 7.929604e-04
0.205000 5.771673e-04
0.210000 4.290592e-04
0.215000 3.316698e-04
0.220000 2.498192e-04
0.225000 1.915493e-04
0.230000 1.531034e-04
0.235000 1.228421e-04
0.240000 1.109232e-04
0.245000 1.000222e-04
0.250000 1.006700e-04
0.255000 1.019517e-04
0.260000 1.140671e-04
0.265000 1.210379e-04
0.270000 1.562096e-04
0.275000 1.798864e-04
0.280000 2.098683e-04
0.285000 2.490593e-04
0.290000 2.927574e-04
0.295000 3.661687e-04
0.300000 4.038455e-04
0.305000 5.233025e-04
0.310000 6.346130e-04
0.315000 7.453421e-04
0.320000 8.405513e-04
0.325000 1.102958e-03
0.330000 1.372580e-03
0.335000 1.650220e-03
0.340000 1.927590e-03
0.345000 2.131440e-03
0.350000 2.388595e-03
0.355000 2.613890e-03
0.360000 2.867158e-03
0.365000 3.125848e-03
0.370000 3.452683e-03
0.375000 3.868356e-03
0.380000 4.039800e-03
0.385000 4.537814e-03
0.390000 4.885536e-03
0.395000 5.381296e-03
0.400000 5.913565e-03
